11 2 1 4 1
11 2 2 4 1
11 2 3 4 1
11 2 4 4 1
11 2 5 4 1
11 2 6 4 1
11 3 1 4 1
11 3 2 4 1
11 3 3 4 1
11 3 4 4 1
11 3 5 4 1
11 3 6 4 1
11 4 2 4 1
11 4 3 4 1
11 4 4 4 1
11 4 5 4 1
11 4 6 4 1
11 5 1 4 3
11 5 2 4 3
11 5 3 4 3
11 5 4 4 3
11 5 5 4 3
11 5 6 4 3
11 6 1 4 3
11 6 2 4 3
11 6 3 4 3
11 6 4 4 3
11 6 5 4 3
11 6 6 4 3
11 2 1 5 1
11 2 3 5 1
11 2 5 5 1
11 2 7 5 1
11 2 8 5 1
11 2 1 5 2
11 2 3 5 2
11 2 5 5 2
11 2 7 5 2
11 2 8 5 2
11 2 1 5 3
11 2 3 5 3
11 2 5 5 3
11 2 7 5 3
11 2 8 5 3
11 3 1 5 1
11 3 3 5 1
11 3 5 5 1
11 3 7 5 1
11 3 8 5 1
11 3 1 5 2
11 3 3 5 2
11 3 5 5 2
11 3 7 5 2
11 3 8 5 2
11 3 1 5 3
11 3 3 5 3
11 3 5 5 3
11 3 7 5 3
11 3 8 5 3
11 2 1 8 1
11 2 3 8 1
11 2 5 8 1
11 2 7 8 1
11 2 8 8 1
11 2 1 8 2
11 2 3 8 2
11 2 5 8 2
11 2 7 8 2
11 2 8 8 2
11 2 1 8 3
11 2 3 8 3
11 2 5 8 3
11 2 7 8 3
11 2 8 8 3
11 1 5 2 2 3 6 4 1 5 10 6 4 7 9 8 3 9 8 10 11 11 7
11 1 2 2 5 3 3 4 1 5 10 6 8 7 11 8 4 9 7 10 9 11 6
