k 2 3 K 1 1: 2 3 3 3
k 2 3 K 1 1: 2 4 3 3
k 1 1 K 4 4 q 2 2 Q 3 3: 2 2 3 3 4 4 3 3
k 1 1 K 4 4 q 2 2 r 3 3: 2 2 3 3 4 4 3 3
k 1 1 K 4 4 q 8 3 Q 5 5: 8 3 8 1 5 5 5 8 8 3 8 2
k 1 1 K 4 4 q 8 3 Q 5 5: 8 3 8 1 5 5 5 8 8 1 4 1 5 8 4 3
k 1 1 K 4 4 q 8 3 Q 5 5: 8 3 8 1 5 5 5 8 8 1 4 1 4 4 6 4
k 1 1 K 4 4 q 8 3 Q 5 5: 8 3 8 1 5 5 5 8 8 1 4 1 4 4 5 4 4 1 5 1 1 1 1 2
k 1 1 K 4 4 q 8 3 Q 5 5: 8 3 8 1 5 5 5 8 8 1 4 1 4 4 5 4 4 1 5 1 5 4 6 4 5 1 5 8 1 1 1 2
k 1 1 K 4 4 q 8 3 Q 5 5: 8 3 8 1 5 5 5 8 8 1 4 1 4 4 5 4 4 1 5 1 5 4 6 4 5 1 5 8 6 4 6 5 5 8 1 8
k 1 1 K 4 4 q 8 3 Q 5 5: 8 3 8 1 5 5 5 8 8 1 4 1 4 4 5 4 4 1 5 1 5 4 6 4 5 1 5 8 6 4 6 5 5 8 1 8 5 8 7 8
