N 4 6 n 1 4 K 8 3 R 8 6 k 6 8 R 1 2: 4 6 5 8
N 4 6 n 1 4 K 8 3 R 8 6 k 6 8 R 1 2: 1 4 1 1
N 4 6 n 1 4 K 8 3 R 8 6 k 6 8 R 1 2: 1 4 1 2
N 4 6 n 1 4 K 8 3 R 8 6 k 6 8 R 1 2: 1 4 1 3
N 4 6 n 1 4 K 8 3 R 8 6 k 6 8 R 1 2: 1 4 1 4
N 4 6 n 1 4 K 8 3 R 8 6 k 6 8 R 1 2: 1 4 1 5
N 4 6 n 1 4 K 8 3 R 8 6 k 6 8 R 1 2: 1 4 1 6
N 4 6 n 1 4 K 8 3 R 8 6 k 6 8 R 1 2: 1 4 1 7
N 4 6 n 1 4 K 8 3 R 8 6 k 6 8 R 1 2: 1 4 1 8
N 4 6 n 1 4 K 8 3 R 8 6 k 6 8 R 1 2: 1 4 2 1
N 4 6 n 1 4 K 8 3 R 8 6 k 6 8 R 1 2: 1 4 2 2
N 4 6 n 1 4 K 8 3 R 8 6 k 6 8 R 1 2: 1 4 2 3
N 4 6 n 1 4 K 8 3 R 8 6 k 6 8 R 1 2: 1 4 2 4
N 4 6 n 1 4 K 8 3 R 8 6 k 6 8 R 1 2: 1 4 2 5
N 4 6 n 1 4 K 8 3 R 8 6 k 6 8 R 1 2: 1 4 2 6
N 4 6 n 1 4 K 8 3 R 8 6 k 6 8 R 1 2: 1 4 2 7
N 4 6 n 1 4 K 8 3 R 8 6 k 6 8 R 1 2: 1 4 2 8
N 4 6 n 1 4 K 8 3 R 8 6 k 6 8 R 1 2: 1 4 3 1
N 4 6 n 1 4 K 8 3 R 8 6 k 6 8 R 1 2: 1 4 3 2
N 4 6 n 1 4 K 8 3 R 8 6 k 6 8 R 1 2: 1 4 3 3
N 4 6 n 1 4 K 8 3 R 8 6 k 6 8 R 1 2: 1 4 3 4
N 4 6 n 1 4 K 8 3 R 8 6 k 6 8 R 1 2: 1 4 3 5
N 4 6 n 1 4 K 8 3 R 8 6 k 6 8 R 1 2: 1 4 3 6
N 4 6 n 1 4 K 8 3 R 8 6 k 6 8 R 1 2: 1 4 3 7
N 4 6 n 1 4 K 8 3 R 8 6 k 6 8 R 1 2: 1 4 3 8
N 4 6 n 1 4 K 8 3 R 8 6 k 6 8 R 1 2: 1 4 4 1
N 4 6 n 1 4 K 8 3 R 8 6 k 6 8 R 1 2: 1 4 4 2
N 4 6 n 1 4 K 8 3 R 8 6 k 6 8 R 1 2: 1 4 4 3
N 4 6 n 1 4 K 8 3 R 8 6 k 6 8 R 1 2: 1 4 4 4
N 4 6 n 1 4 K 8 3 R 8 6 k 6 8 R 1 2: 1 4 4 5
N 4 6 n 1 4 K 8 3 R 8 6 k 6 8 R 1 2: 1 4 4 6
N 4 6 n 1 4 K 8 3 R 8 6 k 6 8 R 1 2: 1 4 4 7
N 4 6 n 1 4 K 8 3 R 8 6 k 6 8 R 1 2: 1 4 4 8
N 4 6 n 1 4 K 8 3 R 8 6 k 6 8 R 1 2: 1 4 2 6 4 6 3 1
N 4 6 n 1 4 K 8 3 R 8 6 k 6 8 R 1 2: 1 4 2 6 4 6 3 2
N 4 6 n 1 4 K 8 3 R 8 6 k 6 8 R 1 2: 1 4 2 6 4 6 3 3
N 4 6 n 1 4 K 8 3 R 8 6 k 6 8 R 1 2: 1 4 2 6 4 6 3 4
N 4 6 n 1 4 K 8 3 R 8 6 k 6 8 R 1 2: 1 4 2 6 4 6 3 5
N 4 6 n 1 4 K 8 3 R 8 6 k 6 8 R 1 2: 1 4 2 6 4 6 3 6
N 4 6 n 1 4 K 8 3 R 8 6 k 6 8 R 1 2: 1 4 2 6 4 6 3 7
N 4 6 n 1 4 K 8 3 R 8 6 k 6 8 R 1 2: 1 4 2 6 4 6 3 8
N 4 6 n 1 4 K 8 3 R 8 6 k 6 8 R 1 2: 1 4 2 6 4 6 3 4 6 8 5 8
N 4 6 n 1 4 K 8 3 R 8 6 k 6 8 R 1 2: 1 4 2 6 4 6 3 4 6 8 5 8 2 6 3 4
N 4 6 n 1 4 K 8 3 R 8 6 k 6 8 R 1 2: 1 4 2 6 4 6 3 4 6 8 5 8 8 6 2 6
N 4 6 n 1 4 K 8 3 R 8 6 k 6 8 R 1 2: 1 4 2 6 4 6 3 4 6 8 5 8 8 6 2 6 2 6 3 4
N 4 6 n 1 4 K 8 3 R 8 6 k 6 8 R 1 2: 1 4 2 6 4 6 3 4 6 8 5 8 8 6 2 6 5 8 6 8
N 4 6 n 1 4 K 8 3 R 8 6 k 6 8 R 1 2: 1 4 2 6 4 6 3 4 6 8 5 8 8 6 2 6 5 8 6 8 3 4 2 6
N 4 6 n 1 4 K 8 3 R 8 6 k 6 8 R 1 2: 1 4 2 6 4 6 3 4 6 8 5 8 8 6 2 6 5 8 6 8 3 4 5 5
